1.597,0.038
1.597,0.038
1.597,0.038
1.597,0.038
1.597,0.038
1.597,0.038
1.597,0.038
1.596,0.039
1.596,0.039
1.633,0.036
1.633,0.036
1.620,0.034
1.589,0.039
1.589,0.039
1.589,0.039
1.589,0.039
1.589,0.039
1.589,0.039
1.589,0.039
1.589,0.039
1.589,0.039
1.589,0.039
1.589,0.039
1.589,0.039
1.577,0.040
1.591,0.038
1.591,0.038
1.591,0.038
1.591,0.038
1.593,0.038
1.593,0.038
1.593,0.038
1.614,0.037
1.644,0.034
1.644,0.034
1.543,0.045
1.575,0.040
1.575,0.040
1.575,0.040
1.575,0.040
1.575,0.040
1.575,0.040
1.575,0.040
1.600,0.039
1.600,0.039
1.600,0.039
1.600,0.039
1.571,0.041
1.628,0.035
1.628,0.035
1.592,0.038
1.592,0.038
1.592,0.038
1.587,0.040
1.625,0.034
1.625,0.034
1.569,0.040
1.569,0.040
1.569,0.040
1.569,0.040
1.569,0.040
1.569,0.040
1.569,0.040
1.569,0.040
1.569,0.040
1.569,0.040
1.634,0.035
1.634,0.035
1.612,0.036
1.612,0.036
1.612,0.036
1.612,0.036
1.612,0.036
1.609,0.036
1.607,0.035
1.574,0.040
1.574,0.040
1.574,0.040
1.574,0.040
1.574,0.040
1.574,0.040
1.604,0.035
1.564,0.043
1.564,0.043
1.564,0.043
1.632,0.036
1.610,0.037
1.610,0.037
1.610,0.037
1.610,0.037
1.605,0.038
1.593,0.036
1.593,0.036
1.545,0.045
1.545,0.045
1.545,0.045
1.545,0.045
1.545,0.045
1.545,0.045
1.545,0.045
1.545,0.045
1.545,0.045
1.546,0.043
1.546,0.043
1.546,0.043
1.546,0.043
1.546,0.043
1.608,0.036
1.608,0.036
1.608,0.036
1.566,0.040
1.566,0.040
1.612,0.035
1.612,0.035
1.624,0.036
1.555,0.043
1.555,0.043
1.567,0.043
1.578,0.040
1.578,0.040
1.578,0.040
1.621,0.036
1.621,0.036
1.621,0.036
1.615,0.035
1.615,0.035
1.615,0.035
1.627,0.035
1.540,0.043
1.540,0.043
1.540,0.043
1.566,0.043
1.566,0.043
1.590,0.038
1.590,0.038
1.590,0.038
1.590,0.038
1.614,0.037
1.545,0.044
1.545,0.044
1.545,0.044
1.545,0.044
1.583,0.040
1.583,0.040
1.583,0.040
1.583,0.040
1.583,0.040
1.583,0.040
1.583,0.040
1.601,0.037
1.601,0.037
1.601,0.037
1.601,0.037
1.601,0.037
1.601,0.037
1.601,0.037
1.589,0.037
1.589,0.037
1.589,0.037
1.589,0.037
1.589,0.037
1.590,0.037
1.590,0.037
1.590,0.037
1.590,0.037
1.563,0.040
1.563,0.040
1.563,0.040
1.589,0.040
1.590,0.038
1.590,0.038
1.590,0.038
1.590,0.038
1.590,0.038
1.590,0.038
1.590,0.038
1.590,0.038
1.590,0.038
1.590,0.038
1.590,0.038
1.590,0.038
1.590,0.038
1.590,0.038
1.590,0.038
1.590,0.038
1.585,0.038
1.585,0.038
1.585,0.038
1.585,0.038
1.585,0.038
1.585,0.038
1.622,0.038
1.622,0.038
1.622,0.038
1.622,0.038
1.622,0.038
1.622,0.038
1.622,0.038
1.615,0.036
1.615,0.036
1.615,0.036
1.615,0.036
1.585,0.037
1.585,0.037
1.572,0.044
1.572,0.044
1.572,0.044
1.585,0.039
1.594,0.039
1.594,0.039
1.594,0.039
1.572,0.044
1.572,0.044
1.574,0.041
1.574,0.041
1.574,0.041
1.609,0.036
1.609,0.036
1.609,0.036
1.609,0.036
1.609,0.036
1.609,0.036
1.609,0.036
1.609,0.036
1.609,0.036
1.609,0.036
1.565,0.040
1.565,0.040
1.565,0.040
1.565,0.040
1.565,0.040
1.569,0.043
1.569,0.043
1.569,0.043
1.614,0.036
1.614,0.036
1.614,0.036
1.614,0.036
1.614,0.036
1.614,0.036
1.614,0.036
1.614,0.036
1.614,0.036
1.614,0.036
1.594,0.039
1.594,0.039
1.593,0.037
1.593,0.037
1.576,0.040
1.576,0.040
1.576,0.040
1.576,0.040
1.520,0.047
1.559,0.042
1.559,0.042
1.569,0.043
1.615,0.036
1.628,0.035
1.628,0.035
1.628,0.035
1.628,0.035
1.604,0.037
1.604,0.037
1.604,0.037
1.589,0.038
1.589,0.038
1.589,0.038
1.589,0.038
1.589,0.038
1.589,0.038
1.589,0.038
1.589,0.038
1.589,0.038
1.589,0.038
1.525,0.047
1.525,0.047
1.575,0.040
1.575,0.040
1.575,0.040
1.632,0.035
1.584,0.039
1.584,0.039
1.584,0.039
1.584,0.039
1.584,0.039
1.584,0.039
1.584,0.039
1.523,0.047
1.523,0.047
1.523,0.047
1.523,0.047
1.523,0.047
1.523,0.047
1.527,0.046
1.527,0.046
1.613,0.034
1.613,0.034
1.596,0.036
1.565,0.042
1.534,0.046
1.534,0.046
1.534,0.046
1.534,0.046
1.641,0.036
1.641,0.036
1.641,0.036
1.583,0.041
1.583,0.041
1.583,0.041
1.583,0.041
1.583,0.041
1.567,0.039
1.592,0.037
1.610,0.035
1.610,0.035
1.610,0.035
1.610,0.035
1.610,0.035
1.610,0.035
1.610,0.035
1.610,0.035
1.523,0.047
1.637,0.035
1.637,0.035
1.579,0.041
1.579,0.041
1.579,0.041
1.566,0.039
1.566,0.039
1.566,0.039
1.566,0.039
1.566,0.039
1.655,0.032
1.567,0.043
1.567,0.043
1.567,0.043
1.567,0.043
1.567,0.043
1.567,0.043
1.567,0.043
1.567,0.043
1.567,0.043
1.567,0.043
1.567,0.043
1.567,0.043
1.617,0.036
1.617,0.036
1.642,0.036
1.563,0.040
1.534,0.046
1.580,0.041
1.577,0.040
1.577,0.040
1.622,0.037
1.622,0.037
1.622,0.037
1.622,0.037
1.582,0.040
1.582,0.040
1.582,0.040
1.566,0.043
1.566,0.043
1.566,0.043
1.566,0.043
1.630,0.037
1.596,0.035
1.572,0.039
1.572,0.039
1.572,0.039
1.658,0.031
1.658,0.031
1.658,0.031
1.658,0.031
1.573,0.041
1.567,0.039
1.601,0.037
1.602,0.037
1.641,0.035
1.641,0.035
1.641,0.035
1.641,0.035
1.641,0.035
1.641,0.035
1.641,0.035
1.641,0.035
1.641,0.035
1.641,0.035
1.566,0.042
1.566,0.042
1.566,0.042
1.566,0.042
1.566,0.042
1.566,0.042
1.566,0.042
1.566,0.042
1.564,0.043
1.577,0.043
1.507,0.051
1.507,0.051
1.507,0.051
1.564,0.043
1.564,0.043
1.564,0.043
1.564,0.043
1.564,0.043
1.564,0.043
1.554,0.043
1.554,0.043
1.577,0.041
1.577,0.041
1.527,0.044
1.527,0.044
1.527,0.044
1.527,0.044
1.555,0.046
1.555,0.046
1.606,0.036
1.606,0.036
1.606,0.036
1.548,0.045
1.548,0.045
1.548,0.045
1.548,0.045
1.596,0.038
1.623,0.035
1.623,0.035
1.623,0.035
1.623,0.035
1.595,0.038
1.595,0.038
1.595,0.038
1.515,0.049
1.553,0.043
1.612,0.036
1.612,0.036
1.612,0.036
1.612,0.036
1.579,0.040
1.579,0.040
1.579,0.040
1.610,0.037
1.610,0.037
1.610,0.037
1.607,0.036
1.607,0.036
1.607,0.036
1.607,0.036
1.607,0.036
1.576,0.039
1.576,0.039
1.572,0.040
1.572,0.040
1.600,0.038
1.600,0.038
1.600,0.038
1.600,0.038
1.584,0.040
1.584,0.040
1.584,0.040
1.584,0.040
1.581,0.039
1.581,0.039
1.581,0.039
1.581,0.039
1.615,0.035
1.615,0.035
1.615,0.035
1.559,0.040
1.559,0.040
1.547,0.041
1.547,0.041
1.627,0.032
1.627,0.032
1.611,0.037
1.611,0.037
1.611,0.037
1.611,0.037
1.611,0.037
1.570,0.038
1.570,0.038
1.570,0.038
1.570,0.038
1.498,0.051
1.498,0.051
1.633,0.035
1.633,0.035
1.584,0.043
1.584,0.043
1.640,0.034
1.640,0.034
1.633,0.036
1.601,0.039
1.601,0.039
1.498,0.049
1.636,0.033
1.636,0.033
1.636,0.033
1.636,0.033
1.636,0.033
1.525,0.047
1.550,0.044
1.648,0.033
1.596,0.037
1.596,0.037
1.596,0.037
1.574,0.041
1.574,0.041
1.574,0.041
1.580,0.038
1.580,0.038
1.580,0.038
1.580,0.038
1.580,0.038
1.580,0.038
1.580,0.038
1.580,0.038
1.580,0.038
1.580,0.038
1.633,0.036
1.589,0.038
1.589,0.038
1.589,0.038
1.646,0.033
1.548,0.042
1.548,0.042
1.548,0.042
1.540,0.045
1.564,0.040
1.564,0.040
1.564,0.040
1.564,0.040
1.564,0.040
1.617,0.036
1.617,0.036
1.653,0.034
1.635,0.036
1.635,0.036
1.631,0.036
1.631,0.036
1.631,0.036
1.631,0.036
1.595,0.038
1.529,0.045
1.529,0.045
1.529,0.045
1.529,0.045
1.566,0.043
1.566,0.043
1.566,0.043
1.566,0.043
1.566,0.043
1.566,0.043
1.573,0.039
1.573,0.039
1.573,0.039
1.573,0.039
1.573,0.039
1.615,0.035
1.615,0.035
1.615,0.035
1.615,0.035
1.615,0.035
1.615,0.035
1.615,0.035
1.615,0.035
1.615,0.035
1.615,0.035
1.615,0.035
1.615,0.035
1.615,0.035
1.615,0.035
1.615,0.035
1.615,0.035
1.615,0.035
1.615,0.035
1.531,0.047
1.531,0.047
1.531,0.047
1.531,0.047
1.572,0.039
1.572,0.039
1.572,0.039
1.572,0.039
1.572,0.039
1.641,0.032
1.641,0.032
1.641,0.032
1.641,0.032
1.641,0.032
1.641,0.032
1.641,0.032
1.606,0.039
1.531,0.046
1.531,0.046
1.526,0.047
1.526,0.047
1.526,0.047
1.526,0.047
1.562,0.042
1.562,0.042
1.531,0.045
1.531,0.045
1.596,0.037
1.596,0.037
1.596,0.037
1.551,0.043
1.551,0.043
1.612,0.037
1.612,0.037
1.612,0.037
1.612,0.037
1.612,0.037
1.612,0.037
1.612,0.037
1.612,0.037
1.612,0.037
1.612,0.037
1.524,0.044
1.552,0.043
1.552,0.043
1.552,0.043
1.552,0.043
1.552,0.043
1.552,0.043
1.552,0.043
1.552,0.043
1.605,0.037
1.605,0.037
1.605,0.037
1.605,0.037
1.531,0.047
1.531,0.047
1.531,0.047
1.531,0.047
1.531,0.047
1.531,0.047
1.531,0.047
1.531,0.047
1.531,0.047
1.531,0.047
1.531,0.047
1.531,0.047
1.531,0.047
1.679,0.030
1.679,0.030
1.679,0.030
1.679,0.030
1.679,0.030
1.679,0.030
1.679,0.030
1.620,0.038
1.636,0.033
1.636,0.033
1.645,0.034
1.645,0.034
1.562,0.042
1.546,0.046
1.546,0.046
1.546,0.046
1.546,0.046
1.546,0.046
1.572,0.042
1.572,0.042
1.572,0.042
1.572,0.042
1.572,0.042
1.572,0.042
1.572,0.042
1.572,0.042
1.572,0.042
1.573,0.041
1.573,0.041
1.573,0.041
1.573,0.041
1.608,0.037
1.630,0.036
1.630,0.036
1.630,0.036
1.630,0.036
1.609,0.036
1.518,0.048
1.518,0.048
1.610,0.040
1.610,0.040
1.610,0.040
1.610,0.040
1.610,0.040
1.610,0.040
1.610,0.040
1.610,0.040
1.610,0.040
1.610,0.040
1.610,0.040
1.610,0.040
1.610,0.040
1.610,0.040
1.610,0.040
1.610,0.040
1.610,0.040
1.630,0.038
1.630,0.038
1.605,0.038
1.605,0.038
1.605,0.038
1.605,0.038
1.605,0.038
1.623,0.036
1.623,0.036
1.591,0.042
1.591,0.042
1.591,0.042
1.591,0.042
1.542,0.048
1.542,0.048
1.644,0.034
1.644,0.034
1.559,0.043
1.512,0.050
1.571,0.042
1.571,0.042
1.571,0.042
1.571,0.042
1.571,0.042
1.571,0.042
1.571,0.042
1.593,0.036
1.593,0.036
1.593,0.036
1.574,0.039
1.574,0.041
1.574,0.041
1.557,0.042
1.574,0.041
1.574,0.041
1.586,0.038
1.545,0.046
1.545,0.046
1.574,0.041
1.574,0.041
1.574,0.041
1.574,0.041
1.574,0.041
1.574,0.041
1.567,0.044
1.567,0.044
1.567,0.044
1.567,0.044
1.567,0.044
1.567,0.044
1.597,0.037
1.597,0.037
1.540,0.048
1.602,0.037
1.602,0.037
1.602,0.037
1.602,0.037
1.585,0.038
1.585,0.038
1.585,0.038
1.585,0.038
1.585,0.038
1.664,0.034
1.609,0.038
1.609,0.038
1.609,0.038
1.554,0.041
1.554,0.041
1.579,0.038
1.579,0.038
1.579,0.038
1.579,0.038
1.579,0.038
1.579,0.038
1.607,0.037
1.529,0.047
1.529,0.047
1.529,0.047
1.529,0.047
1.616,0.038
1.616,0.038
1.616,0.038
1.616,0.038
1.577,0.041
1.577,0.041
1.625,0.035
1.564,0.044
1.564,0.044
1.564,0.044
1.564,0.044
1.604,0.040
1.575,0.039
1.514,0.047
1.621,0.038
1.661,0.031
1.550,0.044
1.550,0.044
1.550,0.044
1.558,0.042
1.521,0.047
1.580,0.037
1.591,0.037
1.591,0.037
1.591,0.037
1.591,0.037
1.591,0.037
1.591,0.037
1.604,0.037
1.556,0.046
1.556,0.046
1.556,0.046
1.556,0.046
1.556,0.046
1.556,0.046
1.556,0.046
1.532,0.048
1.532,0.048
1.532,0.048
1.532,0.048
1.630,0.036
1.630,0.036
1.630,0.036
1.630,0.036
1.630,0.036
1.630,0.036
1.630,0.036
1.630,0.036
1.630,0.036
1.630,0.036
1.630,0.036
1.641,0.036
1.641,0.036
1.641,0.036
1.641,0.036
1.641,0.036
1.641,0.036
1.641,0.036
1.628,0.034
1.628,0.034
1.628,0.034
1.628,0.034
1.628,0.034
1.628,0.034
1.551,0.041
1.551,0.041
1.551,0.041
1.551,0.041
1.638,0.035
1.638,0.035
1.638,0.035
1.638,0.035
1.605,0.038
1.605,0.038
1.605,0.038
1.605,0.038
1.605,0.038
1.605,0.038
1.526,0.046
1.532,0.047
1.532,0.047
1.532,0.047
1.532,0.047
1.532,0.047
1.561,0.043
1.561,0.043
1.559,0.043
1.559,0.043
1.559,0.043
1.559,0.043
1.559,0.043
1.559,0.043
1.559,0.043
1.559,0.043
1.589,0.035
1.597,0.038
1.608,0.040
1.608,0.040
1.544,0.045
1.644,0.034
1.644,0.034
1.644,0.034
1.644,0.034
1.644,0.034
1.644,0.034
1.644,0.034
1.644,0.034
1.644,0.034
1.644,0.034
1.644,0.034
1.518,0.046
1.518,0.046
1.650,0.033
1.650,0.033
1.572,0.039
1.619,0.036
1.619,0.036
1.619,0.036
1.619,0.036
1.619,0.036
1.619,0.036
1.619,0.036
1.619,0.036
1.592,0.038
1.592,0.038
1.592,0.038
1.592,0.038
1.526,0.046
1.519,0.049
1.547,0.046
1.547,0.046
1.547,0.046
1.547,0.046
1.598,0.037
1.598,0.037
1.598,0.037
1.571,0.041
1.571,0.041
1.571,0.041
1.571,0.041
1.571,0.041
1.571,0.041
1.571,0.041
1.571,0.041
1.497,0.051
1.497,0.051
1.561,0.042
1.535,0.045
1.557,0.044
1.557,0.044
1.557,0.044
1.557,0.044
1.562,0.044
1.562,0.044
1.562,0.044
1.562,0.044
1.562,0.044
1.562,0.044
1.562,0.044
1.562,0.044
1.562,0.044
1.562,0.044
1.562,0.044
1.562,0.044
1.562,0.044
1.525,0.046
1.674,0.031
1.674,0.031
1.674,0.031
1.674,0.031
1.674,0.031
1.656,0.033
1.656,0.033
1.656,0.033
1.656,0.033
1.656,0.033
1.588,0.039
1.588,0.039
1.605,0.039
1.605,0.039
1.605,0.039
1.605,0.039
1.605,0.039
1.605,0.039
1.605,0.039
1.605,0.039
1.605,0.039
1.605,0.039
1.641,0.035
1.641,0.035
1.522,0.052
1.584,0.040
1.584,0.040
1.539,0.050
1.539,0.050
1.555,0.042
1.555,0.042
1.555,0.042
1.549,0.045
1.549,0.045
1.549,0.045
1.527,0.051
1.489,0.050
1.489,0.050
1.489,0.050
1.489,0.050
1.579,0.042
1.579,0.042
1.676,0.028
1.572,0.042
1.572,0.042
1.572,0.042
1.572,0.042
1.572,0.042
1.587,0.035
1.587,0.035
1.631,0.034
1.568,0.040
1.568,0.040
1.585,0.041
1.585,0.041
1.585,0.041
1.585,0.041
1.585,0.041
1.553,0.039
1.553,0.039
1.553,0.039
1.564,0.041
1.564,0.041
1.564,0.041
1.564,0.041
1.564,0.041
1.554,0.041
1.659,0.031
1.659,0.031
1.654,0.032
1.654,0.032
1.654,0.032
1.654,0.032
1.654,0.032
1.567,0.041
1.570,0.038
1.585,0.042
1.603,0.037
1.603,0.037
1.603,0.037
1.603,0.037
1.603,0.037
1.603,0.037
1.603,0.037
1.603,0.037
1.603,0.037
1.603,0.037
1.603,0.037
1.603,0.037
1.603,0.037
1.603,0.037
1.603,0.037
1.603,0.037
1.635,0.035
1.546,0.047
1.546,0.047
1.546,0.047
1.560,0.040
1.560,0.040
1.560,0.040
1.560,0.040
1.560,0.040
1.560,0.040
1.560,0.040
1.592,0.040
1.592,0.040
1.592,0.040
1.592,0.040
1.613,0.039
1.613,0.039
1.613,0.039
1.613,0.039
1.621,0.035
1.540,0.045
1.540,0.045
1.540,0.045
1.540,0.045
1.540,0.045
1.540,0.045
1.561,0.041
1.561,0.041
1.546,0.047
1.546,0.047
1.642,0.034
1.642,0.034
1.642,0.034
1.565,0.043
1.565,0.043
1.565,0.043
1.565,0.043
1.565,0.043
1.565,0.043
1.565,0.043
1.565,0.043
1.565,0.043
1.565,0.043
1.565,0.043
1.602,0.034
1.602,0.034
1.602,0.034
1.556,0.041
1.599,0.037
1.609,0.038
1.665,0.032
1.665,0.032
1.687,0.029
1.574,0.042
1.574,0.042
1.534,0.048
1.534,0.048
1.534,0.048
1.508,0.045
1.508,0.045
1.508,0.045
1.508,0.045
1.508,0.045
1.508,0.045
1.508,0.045
1.508,0.045
1.564,0.042
1.564,0.042
1.564,0.042
1.564,0.042
1.580,0.040
1.580,0.040
1.580,0.040
1.580,0.040
1.580,0.040
1.580,0.040
1.580,0.040
1.580,0.040
1.580,0.040
1.668,0.032
1.668,0.032
1.668,0.032
1.668,0.032
1.668,0.032
1.668,0.032
1.668,0.032
1.668,0.032
1.594,0.039
1.594,0.039
1.559,0.038
1.559,0.038
1.559,0.038
1.559,0.038
1.581,0.041
1.581,0.041
1.500,0.050
1.500,0.050
1.500,0.050
1.500,0.050
1.500,0.050
1.500,0.050
1.684,0.029
1.684,0.029
1.682,0.032
1.682,0.032
1.682,0.032
1.682,0.032
1.682,0.032
1.612,0.037
1.612,0.037
1.674,0.032
1.674,0.032
1.674,0.032
1.674,0.032
1.674,0.032
1.517,0.052
1.517,0.052
1.517,0.052
1.517,0.052
1.517,0.052
1.517,0.052
1.543,0.047
1.543,0.047
1.543,0.047
1.543,0.047
1.543,0.047
1.543,0.047
1.543,0.047
1.543,0.047
1.543,0.047
1.543,0.047
1.543,0.047
1.543,0.047
1.543,0.047
1.543,0.047
1.543,0.047
1.647,0.033
1.647,0.033
1.629,0.033
1.643,0.036
1.643,0.036
1.643,0.036
1.643,0.036
1.643,0.036
1.541,0.047
1.541,0.047
1.541,0.047
1.575,0.041
1.613,0.039
1.613,0.039
1.552,0.046
1.552,0.046
1.552,0.046
1.552,0.046
1.552,0.046
1.552,0.046
1.552,0.046
1.552,0.046
1.557,0.038
1.557,0.038
1.557,0.038
1.557,0.038
1.557,0.038
1.557,0.038
1.557,0.038
1.628,0.033
1.553,0.038
1.553,0.038
1.553,0.038
1.553,0.038
1.596,0.037
1.596,0.037
1.637,0.036
1.637,0.036
1.637,0.036
1.637,0.036
1.637,0.036
1.637,0.036
1.603,0.036
1.529,0.043
1.529,0.043
1.529,0.043
1.529,0.043
1.529,0.043
1.536,0.046
1.536,0.046
1.500,0.051
1.500,0.051
1.500,0.051
1.500,0.051
1.500,0.051
1.536,0.043
1.660,0.030
1.660,0.030
1.660,0.030
1.473,0.054
1.473,0.054
1.689,0.029
1.689,0.029
1.689,0.029
1.689,0.029
1.689,0.029
1.554,0.038
1.554,0.038
1.612,0.038
1.612,0.038
1.612,0.038
1.607,0.036
1.607,0.036
1.558,0.038
1.649,0.037
1.649,0.037
1.696,0.029
1.696,0.029
1.653,0.035
1.653,0.035
1.659,0.030
1.573,0.043
1.589,0.039
1.696,0.029
1.696,0.029
1.696,0.029
1.696,0.029
1.696,0.029
1.696,0.029
1.652,0.037
1.652,0.037
1.614,0.039
1.614,0.039
1.614,0.039
1.584,0.041
1.584,0.041
1.556,0.040
1.556,0.040
1.556,0.040
1.556,0.040
1.556,0.040
1.573,0.040
1.573,0.040
1.573,0.040
1.573,0.040
1.573,0.040
1.573,0.040
1.573,0.040
1.626,0.033
1.626,0.033
1.626,0.033
1.626,0.033
1.626,0.033
1.626,0.033
1.626,0.033
1.626,0.033
1.626,0.033
1.626,0.033
1.679,0.031
1.679,0.031
1.523,0.048
1.523,0.048
1.523,0.048
1.523,0.048
1.523,0.048
1.523,0.048
1.523,0.048
1.523,0.048
1.523,0.048
1.523,0.048
1.644,0.035
1.644,0.035
1.644,0.035
1.644,0.035
1.572,0.038
1.575,0.040
1.670,0.033
1.645,0.035
1.483,0.051
1.648,0.035
1.648,0.035
1.648,0.035
1.648,0.035
1.648,0.035
1.648,0.035
1.648,0.035
1.648,0.035
1.648,0.035
1.648,0.035
1.648,0.035
1.648,0.035
1.648,0.035
1.493,0.055
1.493,0.055
1.493,0.055
1.586,0.039
1.586,0.039
1.530,0.047
1.572,0.041
1.572,0.041
1.577,0.040
1.577,0.040
1.577,0.040
1.580,0.042
1.580,0.042
1.580,0.042
1.580,0.042
1.580,0.042
1.580,0.042
1.612,0.035
1.681,0.029
1.642,0.037
1.515,0.047
1.515,0.047
1.515,0.047
1.515,0.047
1.594,0.038
1.594,0.038
1.611,0.035
1.611,0.035
1.572,0.044
1.572,0.044
1.644,0.034
1.644,0.034
1.670,0.034
1.670,0.034
1.566,0.038
1.566,0.038
1.566,0.038
1.566,0.038
1.642,0.032
1.642,0.032
1.642,0.032
1.642,0.032
1.642,0.032
1.639,0.032
1.639,0.032
1.597,0.041
1.597,0.041
1.597,0.041
1.528,0.051
1.562,0.038
1.562,0.038
1.562,0.038
1.562,0.038
1.562,0.038
1.562,0.038
1.663,0.030
1.663,0.030
1.636,0.035
1.636,0.035
1.610,0.035
1.610,0.035
1.638,0.036
1.638,0.036
1.638,0.036
1.638,0.036
1.638,0.036
1.632,0.032
1.632,0.032
1.632,0.032
1.647,0.033
1.647,0.033
1.647,0.033
1.658,0.031
1.525,0.045
1.525,0.045
1.525,0.045
1.525,0.045
1.557,0.044
1.574,0.038
1.574,0.038
1.574,0.038
1.574,0.038
1.574,0.038
1.574,0.038
1.585,0.037
1.585,0.037
1.585,0.037
1.585,0.037
1.585,0.037
1.585,0.037
1.585,0.037
1.585,0.037
1.585,0.037
1.585,0.037
1.585,0.037
1.609,0.036
1.543,0.040
1.543,0.040
1.543,0.040
1.543,0.040
1.560,0.041
1.510,0.047
1.510,0.047
1.541,0.046
1.583,0.036
1.583,0.036
1.583,0.036
1.604,0.039
1.676,0.030
1.676,0.030
1.676,0.030
1.676,0.030
1.676,0.030
1.676,0.030
1.676,0.030
1.676,0.030
1.668,0.032
1.668,0.032
1.668,0.032
1.674,0.031
1.674,0.031
1.674,0.031
1.674,0.031
1.674,0.031
1.674,0.031
1.525,0.044
1.525,0.044
1.525,0.044
1.661,0.029
1.661,0.029
1.661,0.029
1.661,0.029
1.661,0.029
1.661,0.029
1.615,0.037
1.615,0.037
1.538,0.046
1.538,0.046
1.538,0.046
1.538,0.046
1.538,0.046
1.538,0.046
1.538,0.046
1.538,0.046
1.538,0.046
1.538,0.046
1.538,0.046
1.538,0.046
1.538,0.046
1.538,0.046
1.538,0.046
1.538,0.046
1.538,0.046
1.636,0.035
1.581,0.037
1.581,0.037
1.628,0.033
1.628,0.033
1.635,0.034
1.635,0.034
1.635,0.034
1.635,0.034
1.635,0.034
1.635,0.034
1.635,0.034
1.601,0.042
1.547,0.043
1.639,0.036
1.639,0.036
1.639,0.036
1.639,0.036
1.579,0.037
1.579,0.037
1.579,0.037
1.579,0.037
1.579,0.037
1.579,0.037
1.579,0.037
1.614,0.039
1.614,0.039
1.621,0.034
1.572,0.043
1.572,0.043
1.572,0.043
1.467,0.052
1.467,0.052
1.678,0.032
1.548,0.042
1.603,0.041
1.574,0.046
1.574,0.038
1.546,0.044
1.644,0.030
1.644,0.030
1.694,0.029
1.694,0.029
1.694,0.029
1.694,0.029
1.694,0.029
1.694,0.029
1.694,0.029
1.694,0.029
1.613,0.038
1.613,0.038
1.613,0.038
1.613,0.038
1.613,0.038
1.613,0.038
1.576,0.042
1.576,0.042
1.576,0.042
1.663,0.029
1.658,0.034
1.537,0.044
1.566,0.046
1.566,0.046
1.566,0.046
1.566,0.046
1.569,0.041
1.573,0.038
1.571,0.038
1.571,0.038
1.571,0.038
1.571,0.038
1.571,0.038
1.571,0.038
1.571,0.038
1.571,0.038
1.571,0.038
1.571,0.038
1.571,0.038
1.571,0.038
1.571,0.038
1.571,0.038
1.580,0.039
1.580,0.039
1.580,0.039
1.613,0.035
1.613,0.035
1.603,0.038
1.603,0.038
1.603,0.038
1.603,0.040
1.535,0.047
1.535,0.047
1.535,0.047
1.535,0.047
1.657,0.034
1.683,0.029
1.575,0.038
1.575,0.038
1.539,0.048
1.636,0.033
1.585,0.039
1.585,0.039
1.585,0.039
1.585,0.039
1.585,0.039
1.585,0.039
1.637,0.038
1.637,0.038
1.637,0.038
1.516,0.050
1.516,0.050
1.660,0.034
1.660,0.034
1.660,0.034
1.660,0.034
1.660,0.034
1.660,0.034
1.641,0.038
1.641,0.038
1.641,0.038
1.641,0.038
1.641,0.038
1.595,0.037
1.526,0.046
1.526,0.046
1.526,0.046
1.526,0.046
1.570,0.046
1.570,0.046
1.570,0.046
1.570,0.046
1.588,0.036
1.586,0.036
1.586,0.036
1.586,0.036
1.586,0.036
1.586,0.036
1.605,0.034
1.605,0.034
1.711,0.030
1.711,0.030
1.711,0.030
1.828,0.020
1.828,0.020
1.828,0.020
1.828,0.020
1.828,0.020
1.828,0.020
1.828,0.020
1.828,0.020
1.828,0.020
1.828,0.020
1.828,0.020
1.828,0.020
1.828,0.020
1.828,0.020
1.828,0.020
1.828,0.020
1.819,0.020
1.819,0.020
1.819,0.020
1.819,0.020
1.819,0.020
1.819,0.020
1.819,0.020
1.819,0.020
1.819,0.020
1.819,0.020
1.750,0.022
1.750,0.022
1.750,0.022
1.750,0.022
1.750,0.022
1.750,0.022
1.750,0.022
1.750,0.022
1.750,0.022
1.737,0.024
1.737,0.024
1.737,0.024
1.817,0.020
1.817,0.020
1.817,0.020
1.817,0.020
1.817,0.020
1.817,0.020
1.817,0.020
1.730,0.024
1.730,0.024
1.730,0.024
1.730,0.024
1.730,0.024
1.730,0.024
1.730,0.024
1.730,0.024
1.782,0.022
1.817,0.020
1.817,0.020
1.817,0.020
1.817,0.020
1.824,0.020
1.824,0.020
1.824,0.020
1.824,0.020
1.826,0.020
1.826,0.020
1.826,0.020
1.826,0.020
1.724,0.024
1.724,0.024
1.724,0.024
1.724,0.024
1.724,0.024
1.724,0.024
1.724,0.024
1.724,0.024
1.724,0.024
1.724,0.024
1.724,0.024
1.825,0.020
1.825,0.020
1.825,0.020
1.825,0.020
1.825,0.020
1.825,0.020
1.825,0.020
1.825,0.020
1.825,0.020
1.825,0.020
1.825,0.020
1.825,0.020
1.825,0.020
1.825,0.020
1.825,0.020
1.825,0.020
1.787,0.022
1.787,0.022
1.730,0.025
1.730,0.025
1.730,0.025
1.730,0.025
1.730,0.025
1.730,0.025
1.730,0.025
1.730,0.025
1.730,0.025
1.830,0.019
1.830,0.019
1.830,0.019
1.830,0.019
1.830,0.019
1.775,0.022
1.775,0.022
1.775,0.022
1.724,0.024
1.724,0.024
1.724,0.024
1.724,0.024
1.724,0.024
1.724,0.024
1.724,0.024
1.724,0.024
1.724,0.024
1.817,0.019
1.817,0.019
1.817,0.019
1.817,0.019
1.756,0.023
1.756,0.023
1.756,0.023
1.756,0.023
1.756,0.023
1.873,0.017
1.873,0.017
1.873,0.017
1.873,0.017
1.873,0.017
1.873,0.017
1.873,0.017
1.873,0.017
1.873,0.017
1.873,0.017
1.873,0.017
1.873,0.017
1.873,0.017
1.873,0.017
1.873,0.017
1.873,0.017
1.873,0.017
1.819,0.021
1.819,0.021
1.819,0.021
1.819,0.021
1.819,0.021
1.819,0.021
1.819,0.021
1.819,0.021
1.819,0.021
1.819,0.021
1.819,0.021
1.819,0.021
1.819,0.021
1.819,0.021
1.830,0.019
1.830,0.019
1.830,0.019
1.830,0.019
1.830,0.019
1.830,0.019
1.830,0.019
1.830,0.019
1.830,0.019
1.830,0.019
1.830,0.019
1.830,0.019
1.830,0.019
1.830,0.019
1.830,0.019
1.770,0.021
1.770,0.021
1.731,0.025
1.731,0.025
1.731,0.025
1.772,0.022
1.816,0.020
1.816,0.020
1.816,0.020
1.816,0.020
1.816,0.020
1.816,0.020
1.816,0.020
1.816,0.020
1.816,0.020
1.816,0.020
1.816,0.020
1.816,0.020
1.816,0.020
1.816,0.020
1.816,0.020
1.816,0.020
1.816,0.020
1.816,0.020
1.816,0.020
1.816,0.020
1.864,0.017
1.864,0.017
1.864,0.017
1.864,0.017
1.864,0.017
1.864,0.017
1.864,0.017
1.864,0.017
1.864,0.017
1.864,0.017
1.864,0.017
1.864,0.017
1.864,0.017
1.730,0.024
1.730,0.024
1.863,0.017
1.828,0.020
1.828,0.020
1.828,0.020
1.828,0.020
1.828,0.020
1.828,0.020
1.829,0.019
1.829,0.019
1.829,0.019
1.829,0.019
1.775,0.021
1.775,0.021
1.732,0.025
1.732,0.025
1.732,0.025
1.732,0.025
1.732,0.025
1.732,0.025
1.732,0.025
1.732,0.025
1.798,0.022
1.798,0.022
1.846,0.019
1.846,0.019
1.761,0.024
1.761,0.024
1.761,0.024
1.761,0.024
1.761,0.024
1.761,0.024
1.716,0.026
1.716,0.026
1.716,0.026
1.716,0.026
1.716,0.026
1.716,0.026
1.716,0.026
1.716,0.026
1.716,0.026
1.716,0.026
1.716,0.026
1.716,0.026
1.843,0.018
1.843,0.018
1.843,0.018
1.843,0.018
1.843,0.018
1.843,0.018
1.843,0.018
1.843,0.018
1.843,0.018
1.843,0.018
1.843,0.018
1.843,0.018
1.843,0.018
1.843,0.018
1.843,0.018
1.843,0.018
1.757,0.022
1.757,0.022
1.757,0.022
1.757,0.022
1.757,0.022
1.757,0.022
1.757,0.022
1.757,0.022
1.804,0.019
1.804,0.019
1.804,0.019
1.804,0.019
1.804,0.019
1.804,0.019
1.804,0.019
1.804,0.019
1.804,0.019
1.747,0.024
1.747,0.024
1.747,0.024
1.747,0.024
1.747,0.024
1.747,0.024
1.747,0.024
1.753,0.023
1.770,0.022
1.770,0.022
1.770,0.022
1.770,0.022
1.770,0.022
1.770,0.022
1.770,0.022
1.770,0.022
1.770,0.022
1.770,0.022
1.770,0.022
1.770,0.022
1.770,0.022
1.770,0.022
1.770,0.022
1.770,0.022
1.770,0.022
1.770,0.022
1.770,0.022
1.770,0.022
1.780,0.022
1.780,0.022
1.780,0.022
1.780,0.022
1.780,0.022
1.780,0.022
1.780,0.022
1.780,0.022
1.780,0.022
1.780,0.022
1.780,0.022
1.780,0.022
1.780,0.022
1.780,0.022
1.780,0.022
1.780,0.022
1.780,0.022
1.780,0.022
1.780,0.022
1.780,0.022
1.751,0.024
1.751,0.024
1.751,0.024
1.751,0.024
1.751,0.024
1.743,0.025
1.743,0.025
1.743,0.025
1.743,0.025
1.743,0.025
1.768,0.023
1.768,0.023
1.750,0.023
1.750,0.023
1.750,0.023
1.750,0.023
1.750,0.023
1.750,0.023
1.750,0.023
1.750,0.023
1.750,0.023
1.750,0.023
1.750,0.023
1.750,0.023
1.750,0.023
1.750,0.023
1.750,0.023
1.750,0.023
1.750,0.023
1.750,0.023
1.750,0.023
1.753,0.022
1.753,0.022
1.753,0.022
1.753,0.022
1.774,0.023
1.774,0.023
1.774,0.023
1.774,0.023
1.774,0.023
1.774,0.023
1.774,0.023
1.774,0.023
1.774,0.023
1.774,0.023
1.757,0.022
1.757,0.022
1.757,0.022
1.757,0.022
1.757,0.022
1.757,0.022
1.757,0.022
1.757,0.022
1.757,0.022
1.777,0.023
1.777,0.023
1.777,0.023
1.723,0.025
1.723,0.025
1.762,0.023
1.739,0.023
1.882,0.017
1.882,0.017
1.882,0.017
1.882,0.017
1.882,0.017
1.882,0.017
1.882,0.017
1.882,0.017
1.709,0.026
1.801,0.020
1.801,0.020
1.743,0.025
1.743,0.025
1.743,0.025
1.743,0.025
1.791,0.021
1.791,0.021
1.791,0.021
1.791,0.021
1.791,0.021
1.791,0.021
1.791,0.021
1.791,0.021
1.791,0.021
1.791,0.021
1.798,0.022
1.798,0.022
1.804,0.020
1.804,0.020
1.804,0.020
1.804,0.020
1.734,0.024
1.734,0.024
1.734,0.024
1.734,0.024
1.734,0.024
1.734,0.024
1.734,0.024
1.734,0.024
1.734,0.024
1.734,0.024
1.734,0.024
1.837,0.019
1.837,0.019
1.837,0.019
1.837,0.019
1.837,0.019
1.837,0.019
1.837,0.019
1.837,0.019
1.761,0.022
1.761,0.022
1.819,0.019
1.819,0.019
1.819,0.019
1.819,0.019
1.819,0.019
1.819,0.019
1.819,0.019
1.819,0.019
1.819,0.019
1.819,0.019
1.819,0.019
1.819,0.019
1.819,0.019
1.777,0.023
1.777,0.023
1.777,0.023
1.777,0.023
1.777,0.023
1.777,0.023
1.777,0.023
1.804,0.020
1.804,0.020
1.804,0.020
1.787,0.022
1.837,0.020
1.837,0.020
1.837,0.020
1.837,0.020
1.837,0.020
1.776,0.023
1.776,0.023
1.776,0.023
1.776,0.023
1.776,0.023
1.854,0.019
1.854,0.019
1.854,0.019
1.854,0.019
1.854,0.019
1.854,0.019
1.854,0.019
1.854,0.019
1.854,0.019
1.854,0.019
1.854,0.019
1.854,0.019
1.854,0.019
1.854,0.019
1.854,0.019
1.854,0.019
1.854,0.019
1.733,0.025
1.733,0.025
1.733,0.025
1.733,0.025
1.733,0.025
1.733,0.025
1.722,0.023
1.722,0.023
1.722,0.023
1.722,0.023
1.722,0.023
1.722,0.023
1.722,0.023
1.722,0.023
1.722,0.023
1.722,0.023
1.722,0.023
1.722,0.023
1.722,0.023
1.722,0.023
1.722,0.023
1.722,0.023
1.722,0.023
1.816,0.021
1.816,0.021
1.816,0.021
1.816,0.021
1.816,0.021
1.816,0.021
1.816,0.021
1.802,0.019
1.802,0.019
1.802,0.019
1.802,0.019
1.802,0.019
1.802,0.019
1.802,0.019
1.802,0.019
1.802,0.019
1.802,0.019
1.776,0.023
1.776,0.023
1.776,0.023
1.776,0.023
1.776,0.023
1.776,0.023
1.776,0.023
1.776,0.023
1.776,0.023
1.776,0.023
1.776,0.023
1.776,0.023
1.776,0.023
1.776,0.023
1.776,0.023
1.776,0.023
1.776,0.023
1.776,0.023
1.776,0.023
1.776,0.023
1.808,0.018
1.750,0.025
1.750,0.025
1.750,0.025
1.750,0.025
1.750,0.025
1.750,0.025
1.750,0.025
1.750,0.025
1.750,0.025
1.750,0.025
1.750,0.025
1.750,0.025
1.750,0.025
1.750,0.025
1.750,0.025
1.750,0.025
1.750,0.025
1.750,0.025
1.751,0.025
1.751,0.025
1.751,0.025
1.810,0.019
1.714,0.028
1.714,0.028
1.714,0.028
1.714,0.028
1.714,0.028
1.812,0.019
1.812,0.019
1.812,0.019
1.812,0.019
1.812,0.019
1.769,0.023
1.769,0.023
1.739,0.023
1.739,0.023
1.739,0.023
1.739,0.023
1.812,0.020
1.812,0.020
1.812,0.020
1.875,0.015
1.875,0.015
1.875,0.015
1.875,0.015
1.770,0.023
1.770,0.023
1.770,0.023
1.780,0.020
1.780,0.020
1.768,0.023
1.764,0.023
1.764,0.023
1.764,0.023
1.764,0.023
1.764,0.023
1.764,0.023
1.764,0.023
1.764,0.023
1.764,0.023
1.764,0.023
1.764,0.023
1.764,0.023
1.764,0.023
1.764,0.023
1.764,0.023
1.738,0.025
1.738,0.025
1.875,0.015
1.875,0.015
1.875,0.015
1.875,0.015
1.875,0.015
1.719,0.025
1.719,0.025
1.719,0.025
1.719,0.025
1.719,0.025
1.719,0.025
1.719,0.025
1.719,0.025
1.757,0.023
1.757,0.023
1.757,0.023
1.757,0.023
1.757,0.023
1.757,0.023
1.757,0.023
1.757,0.023
1.757,0.023
1.757,0.023
1.757,0.023
1.685,0.027
1.763,0.023
1.763,0.023
1.826,0.020
1.770,0.022
1.770,0.022
1.900,0.015
1.900,0.015
1.900,0.015
1.900,0.015
1.900,0.015
1.900,0.015
1.751,0.021
1.751,0.021
1.751,0.021
1.893,0.016
1.893,0.016
1.893,0.016
1.893,0.016
1.893,0.016
1.893,0.016
1.893,0.016
1.893,0.016
1.893,0.016
1.893,0.016
1.893,0.016
1.893,0.016
1.893,0.016
1.893,0.016
1.893,0.016
1.893,0.016
1.893,0.016
1.893,0.016
1.893,0.016
1.893,0.016
1.865,0.016
1.865,0.016
1.865,0.016
1.865,0.016
1.865,0.016
1.760,0.023
1.771,0.023
1.770,0.023
1.740,0.022
1.740,0.022
1.740,0.022
1.740,0.022
1.740,0.022
1.740,0.022
1.890,0.016
1.890,0.016
1.890,0.016
1.890,0.016
1.890,0.016
1.890,0.016
1.818,0.019
1.818,0.019
1.818,0.019
1.818,0.019
1.818,0.019
1.818,0.019
1.818,0.019
1.818,0.019
1.818,0.019
1.818,0.019
1.818,0.019
1.818,0.019
1.818,0.019
1.818,0.019
1.818,0.019
1.745,0.026
1.745,0.026
1.698,0.025
1.698,0.025
1.698,0.025
1.698,0.025
1.729,0.023
1.729,0.023
1.729,0.023
1.729,0.023
1.729,0.023
1.803,0.020
1.803,0.020
1.803,0.020
1.803,0.020
1.803,0.020
1.728,0.023
1.719,0.026
1.719,0.026
1.719,0.026
1.719,0.026
1.719,0.026
1.719,0.026
1.719,0.026
1.719,0.026
1.753,0.024
1.753,0.024
1.753,0.024
1.753,0.024
1.752,0.022
1.752,0.022
1.752,0.022
1.752,0.022
1.752,0.022
1.752,0.022
1.752,0.022
1.752,0.022
1.752,0.022
1.752,0.022
1.798,0.018
1.798,0.018
1.819,0.018
1.789,0.022
1.789,0.022
1.789,0.022
1.789,0.022
1.789,0.022
1.768,0.023
1.768,0.023
1.768,0.023
1.819,0.018
1.707,0.026
1.707,0.026
1.707,0.026
1.707,0.026
1.707,0.026
1.707,0.026
1.782,0.024
1.782,0.024
1.782,0.024
1.782,0.024
1.782,0.024
1.782,0.024
1.782,0.024
1.782,0.024
1.661,0.028
1.661,0.028
1.661,0.028
1.661,0.028
1.661,0.028
1.661,0.028
1.661,0.028
1.661,0.028
1.812,0.019
1.767,0.025
1.767,0.025
1.734,0.025
1.825,0.019
1.858,0.017
1.858,0.017
1.858,0.017
1.906,0.015
1.906,0.015
1.774,0.022
1.774,0.022
1.774,0.022
1.774,0.022
1.774,0.022
1.774,0.022
1.774,0.022
1.774,0.022
1.774,0.022
1.774,0.022
1.774,0.022
1.758,0.022
1.758,0.022
1.758,0.022
1.758,0.022
1.758,0.022
1.758,0.022
1.758,0.022
1.746,0.025
1.746,0.025
1.746,0.025
1.852,0.018
1.734,0.026
1.734,0.026
1.734,0.026
1.734,0.026
1.734,0.026
1.663,0.030
1.663,0.030
1.663,0.030
1.663,0.030
1.663,0.030
1.662,0.030
1.662,0.030
1.726,0.024
1.657,0.028
1.657,0.028
1.657,0.028
1.657,0.028
1.657,0.028
1.657,0.028
1.657,0.028
1.657,0.028
1.657,0.028
1.901,0.016
1.739,0.026
1.739,0.026
1.814,0.021
1.814,0.021
1.814,0.021
1.814,0.021
1.814,0.021
1.825,0.017
1.825,0.017
1.825,0.017
1.825,0.017
1.825,0.017
1.825,0.017
1.727,0.027
1.697,0.029
1.697,0.029
1.697,0.029
1.697,0.029
1.697,0.029
1.697,0.029
1.697,0.029
1.697,0.029
1.683,0.028
1.683,0.028
1.683,0.028
1.683,0.028
1.683,0.028
1.757,0.023
1.757,0.023
1.757,0.023
1.757,0.023
1.678,0.028
1.678,0.028
1.678,0.028
1.678,0.028
1.678,0.028
1.833,0.018
1.833,0.018
1.833,0.018
1.757,0.023
1.757,0.023
1.757,0.023
1.757,0.023
1.757,0.023
1.677,0.028
1.677,0.028
1.677,0.028
1.828,0.021
1.828,0.021
1.828,0.021
1.828,0.021
1.667,0.029
1.667,0.029
1.667,0.029
1.667,0.029
1.667,0.029
1.667,0.029
1.667,0.029
1.771,0.021
1.771,0.021
1.771,0.021
1.771,0.021
1.771,0.021
1.771,0.021
1.771,0.021
1.771,0.021
1.771,0.021
1.756,0.023
1.756,0.023
1.756,0.023
1.756,0.023
1.756,0.023
1.756,0.023
1.756,0.023
1.756,0.023
1.756,0.023
1.747,0.025
1.747,0.025
1.818,0.019
1.818,0.019
1.729,0.025
1.729,0.025
1.905,0.016
1.905,0.016
1.741,0.024
1.846,0.018
1.739,0.025
1.739,0.025
1.739,0.025
1.739,0.025
1.739,0.025
1.739,0.025
1.739,0.025
1.695,0.026
1.695,0.026
1.906,0.015
1.906,0.015
1.906,0.015
1.837,0.018
1.837,0.018
1.837,0.018
1.837,0.018
1.837,0.018
1.689,0.026
1.796,0.022
1.703,0.029
1.703,0.029
1.703,0.029
1.703,0.029
1.703,0.029
1.703,0.029
1.804,0.021
1.804,0.021
1.804,0.021
1.804,0.021
1.804,0.021
1.735,0.023
1.735,0.023
1.735,0.023
1.735,0.023
1.768,0.024
1.768,0.024
1.768,0.024
1.746,0.025
1.746,0.025
1.746,0.025
1.771,0.024
1.771,0.024
1.771,0.024
1.771,0.024
1.764,0.024
1.693,0.026
1.692,0.026
1.692,0.026
1.692,0.026
1.851,0.018
1.851,0.018
1.851,0.018
1.851,0.018
1.851,0.018
1.851,0.018
1.851,0.018
1.851,0.018
1.851,0.018
1.851,0.018
1.851,0.018
1.851,0.018
1.851,0.018
1.851,0.018
1.851,0.018
1.851,0.018
1.851,0.018
1.851,0.018
1.851,0.018
1.851,0.018
1.772,0.021
1.772,0.021
1.775,0.024
1.775,0.024
1.698,0.024
1.698,0.024
1.698,0.024
1.698,0.024
1.698,0.024
1.551,0.030
1.480,0.036
1.480,0.036
1.480,0.036
1.480,0.036
1.480,0.036
1.480,0.036
1.483,0.034
1.550,0.032
1.550,0.032
1.551,0.030
1.529,0.033
1.529,0.033
1.529,0.033
1.474,0.037
1.474,0.037
1.474,0.037
1.534,0.032
1.534,0.032
1.534,0.032
1.534,0.032
1.508,0.033
1.508,0.033
1.508,0.033
1.508,0.033
1.508,0.033
1.508,0.033
1.508,0.033
1.508,0.033
1.508,0.033
1.508,0.033
1.572,0.027
1.572,0.027
1.572,0.027
1.572,0.027
1.473,0.039
1.473,0.039
1.473,0.039
1.473,0.039
1.502,0.036
1.502,0.036
1.502,0.036
1.498,0.035
1.498,0.035
1.498,0.035
1.505,0.032
1.505,0.032
1.550,0.032
1.550,0.032
1.550,0.032
1.526,0.033
1.526,0.033
1.526,0.033
1.526,0.033
1.477,0.038
1.477,0.038
1.477,0.038
1.477,0.038
1.477,0.038
1.488,0.035
1.533,0.031
1.533,0.031
1.533,0.031
1.533,0.031
1.488,0.035
1.522,0.031
1.522,0.031
1.522,0.031
1.522,0.031
1.522,0.031
1.522,0.031
1.522,0.031
1.522,0.031
1.522,0.031
1.522,0.031
1.522,0.031
1.522,0.031
1.502,0.036
1.502,0.036
1.502,0.036
1.502,0.036
1.502,0.036
1.502,0.036
1.502,0.036
1.502,0.036
1.502,0.036
1.478,0.038
1.478,0.038
1.478,0.038
1.484,0.038
1.484,0.038
1.484,0.038
1.518,0.035
1.518,0.035
1.486,0.035
1.454,0.041
1.454,0.041
1.454,0.041
1.454,0.041
1.454,0.041
1.454,0.041
1.454,0.041
1.454,0.041
1.454,0.041
1.533,0.030
1.533,0.030
1.533,0.030
1.533,0.030
1.533,0.030
1.533,0.030
1.516,0.034
1.516,0.034
1.516,0.034
1.494,0.036
1.490,0.039
1.490,0.039
1.490,0.039
1.490,0.039
1.490,0.039
1.490,0.039
1.490,0.039
1.490,0.039
1.490,0.039
1.490,0.039
1.490,0.039
1.490,0.039
1.493,0.034
1.493,0.034
1.493,0.034
1.493,0.034
1.493,0.034
1.493,0.034
1.493,0.034
1.517,0.033
1.465,0.037
1.503,0.035
1.503,0.035
1.578,0.026
1.578,0.026
1.578,0.026
1.578,0.026
1.578,0.026
1.492,0.034
1.492,0.034
1.513,0.033
1.513,0.033
1.513,0.033
1.513,0.033
1.513,0.033
1.450,0.041
1.450,0.041
1.450,0.041
1.450,0.041
1.481,0.035
1.481,0.035
1.537,0.034
1.537,0.034
1.517,0.033
1.443,0.042
1.443,0.042
1.443,0.042
1.481,0.034
1.481,0.034
1.518,0.034
1.518,0.034
1.518,0.034
1.518,0.034
1.518,0.034
1.518,0.034
1.518,0.034
1.516,0.033
1.516,0.033
1.486,0.036
1.486,0.036
1.486,0.036
1.486,0.036
1.545,0.029
1.545,0.029
1.545,0.029
1.545,0.029
1.545,0.029
1.545,0.029
1.545,0.029
1.545,0.029
1.545,0.029
1.461,0.037
1.469,0.037
1.469,0.037
1.566,0.028
1.566,0.028
1.566,0.028
1.566,0.028
1.566,0.028
1.566,0.028
1.566,0.028
1.566,0.028
1.516,0.032
1.516,0.032
1.516,0.032
1.581,0.030
1.581,0.030
1.581,0.030
1.581,0.030
1.581,0.030
1.581,0.030
1.581,0.030
1.581,0.030
1.537,0.035
1.537,0.035
1.537,0.035
1.537,0.035
1.518,0.034
1.518,0.034
1.518,0.034
1.518,0.034
1.530,0.035
1.530,0.035
1.525,0.033
1.525,0.033
1.525,0.033
1.525,0.033
1.525,0.033
1.525,0.033
1.525,0.033
1.525,0.033
1.525,0.033
1.513,0.033
1.536,0.033
1.536,0.033
1.536,0.033
1.536,0.033
1.536,0.033
1.536,0.033
1.536,0.033
1.536,0.033
1.536,0.033
1.536,0.033
1.536,0.033
1.536,0.033
1.470,0.037
1.470,0.037
1.516,0.032
1.516,0.032
1.510,0.039
1.510,0.039
1.540,0.030
1.540,0.030
1.588,0.029
1.588,0.029
1.588,0.029
1.588,0.029
1.588,0.029
1.588,0.029
1.588,0.029
1.588,0.029
1.588,0.029
1.470,0.037
1.470,0.037
1.468,0.036
1.572,0.027
1.572,0.027
1.572,0.027
1.572,0.027
1.549,0.032
1.549,0.032
1.549,0.032
1.549,0.032
1.526,0.033
1.555,0.031
1.555,0.031
1.566,0.031
1.566,0.031
1.548,0.032
1.548,0.032
1.548,0.032
1.548,0.032
1.548,0.032
1.548,0.032
1.509,0.034
1.523,0.036
1.523,0.036
1.570,0.030
1.570,0.030
1.482,0.036
1.548,0.030
1.564,0.030
1.564,0.030
1.434,0.044
1.434,0.044
1.434,0.044
1.434,0.044
1.434,0.044
1.434,0.044
1.434,0.044
1.500,0.032
1.500,0.032
1.500,0.032
1.500,0.032
1.500,0.032
1.500,0.032
1.500,0.032
1.500,0.032
1.500,0.032
1.542,0.031
1.542,0.031
1.542,0.031
1.516,0.030
1.516,0.030
1.516,0.030
1.516,0.030
1.516,0.030
1.516,0.030
1.581,0.027
1.581,0.027
1.581,0.027
1.581,0.027
1.581,0.027
1.581,0.027
1.581,0.027
1.581,0.027
1.581,0.027
1.581,0.027
1.581,0.027
1.581,0.027
1.468,0.034
1.468,0.034
1.443,0.043
1.585,0.027
1.585,0.027
1.585,0.027
1.476,0.036
1.476,0.036
1.476,0.036
1.476,0.036
1.476,0.036
1.476,0.036
1.476,0.036
1.476,0.036
1.476,0.036
1.476,0.036
1.528,0.032
1.510,0.032
1.510,0.032
1.510,0.032
1.510,0.032
1.492,0.039
1.518,0.033
1.518,0.033
1.518,0.033
1.518,0.033
1.501,0.032
1.501,0.032
1.501,0.032
1.501,0.032
1.501,0.032
1.425,0.042
1.528,0.035
1.528,0.035
1.514,0.030
1.514,0.030
1.514,0.030
1.514,0.030
1.514,0.030
1.514,0.030
1.514,0.030
1.503,0.039
1.503,0.039
1.503,0.039
1.473,0.037
1.473,0.037
1.473,0.037
1.473,0.037
1.473,0.037
1.473,0.037
1.473,0.037
1.473,0.037
1.473,0.037
1.473,0.037
1.473,0.037
1.538,0.028
1.538,0.028
1.538,0.028
1.556,0.033
1.556,0.033
1.455,0.038
1.455,0.038
1.455,0.038
1.455,0.038
1.537,0.033
1.502,0.034
1.502,0.034
1.455,0.036
1.477,0.034
1.477,0.034
1.477,0.034
1.477,0.034
1.477,0.034
1.477,0.034
1.477,0.034
1.530,0.032
1.530,0.032
1.530,0.032
1.530,0.032
1.530,0.032
1.530,0.032
1.533,0.033
1.533,0.033
1.527,0.030
1.527,0.030
1.527,0.030
1.527,0.030
1.527,0.030
1.545,0.031
1.513,0.035
1.513,0.035
1.513,0.035
1.513,0.035
1.513,0.035
1.422,0.041
1.541,0.031
1.541,0.031
1.508,0.032
1.508,0.032
1.508,0.032
1.508,0.032
1.508,0.032
1.508,0.032
1.508,0.032
1.508,0.032
1.508,0.032
1.453,0.036
1.453,0.036
1.454,0.044
1.477,0.035
1.477,0.035
1.477,0.035
1.477,0.035
1.477,0.035
1.477,0.035
1.477,0.035
1.477,0.035
1.477,0.035
1.571,0.030
1.567,0.030
1.567,0.030
1.567,0.030
1.567,0.030
1.567,0.030
1.550,0.031
1.550,0.031
1.550,0.031
1.550,0.031
1.550,0.031
1.489,0.037
1.478,0.035
1.510,0.033
1.510,0.033
1.510,0.033
1.510,0.033
1.510,0.033
1.510,0.033
1.510,0.033
1.575,0.030
1.575,0.030
1.575,0.030
1.575,0.030
1.575,0.030
1.575,0.030
1.575,0.030
1.575,0.030
1.575,0.030
1.509,0.032
1.509,0.032
1.509,0.032
1.431,0.045
1.431,0.045
1.431,0.045
1.431,0.045
1.431,0.045
1.555,0.031
1.478,0.033
1.478,0.033
1.478,0.033
1.478,0.033
1.478,0.033
1.478,0.033
1.478,0.033
1.478,0.033
1.478,0.033
1.478,0.033
1.478,0.033
1.478,0.033
1.478,0.033
1.472,0.039
1.593,0.029
1.593,0.029
1.432,0.039
1.432,0.039
1.454,0.043
1.476,0.039
1.523,0.033
1.563,0.029
1.457,0.042
1.502,0.034
1.502,0.034
1.502,0.034
1.502,0.034
1.502,0.034
1.502,0.034
1.502,0.034
1.502,0.034
1.502,0.034
1.502,0.034
1.502,0.034
1.502,0.034
1.502,0.034
1.502,0.034
1.502,0.034
1.457,0.037
1.457,0.037
1.457,0.037
1.457,0.037
1.457,0.037
1.457,0.037
1.457,0.037
1.580,0.027
1.580,0.027
1.580,0.027
1.580,0.027
1.580,0.027
1.501,0.035
1.501,0.035
1.501,0.035
1.501,0.035
1.501,0.035
1.501,0.035
1.501,0.035
1.501,0.035
1.508,0.031
1.508,0.031
1.508,0.031
1.508,0.031
1.508,0.031
1.508,0.031
1.508,0.031
1.508,0.031
1.508,0.031
1.508,0.031
1.508,0.031
1.508,0.031
1.508,0.031
1.508,0.031
1.532,0.029
1.606,0.028
1.606,0.028
1.477,0.039
1.477,0.039
1.616,0.024
1.616,0.024
1.616,0.024
1.616,0.024
1.616,0.024
1.616,0.024
1.616,0.024
1.616,0.024
1.616,0.024
1.616,0.024
1.616,0.024
1.563,0.028
1.563,0.028
1.563,0.028
1.563,0.028
1.563,0.028
1.563,0.028
1.445,0.037
1.445,0.037
1.445,0.037
1.445,0.037
1.531,0.035
1.531,0.035
1.531,0.035
1.581,0.027
1.462,0.037
1.462,0.037
1.450,0.035
1.450,0.035
1.488,0.036
1.488,0.036
1.578,0.026
1.578,0.026
1.578,0.026
1.587,0.028
1.492,0.036
1.516,0.034
1.516,0.034
1.516,0.034
1.472,0.033
1.472,0.033
1.472,0.033
1.472,0.033
1.472,0.033
1.472,0.033
1.472,0.033
1.472,0.033
1.570,0.030
1.494,0.032
1.494,0.032
1.561,0.032
1.561,0.032
1.561,0.032
1.561,0.032
1.561,0.032
1.533,0.036
1.533,0.036
1.562,0.030
1.562,0.030
1.497,0.033
1.497,0.033
1.497,0.033
1.497,0.033
1.523,0.034
1.523,0.034
1.523,0.034
1.523,0.034
1.523,0.034
1.523,0.034
1.616,0.024
1.616,0.024
1.584,0.028
1.584,0.028
1.584,0.028
1.584,0.028
1.584,0.028
1.435,0.039
1.490,0.031
1.490,0.031
1.490,0.031
1.490,0.031
1.490,0.031
1.578,0.028
1.578,0.028
1.578,0.028
1.508,0.033
1.581,0.027
1.581,0.027
1.581,0.027
1.541,0.028
1.541,0.028
1.463,0.037
1.463,0.037
1.463,0.037
1.463,0.037
1.463,0.037
1.463,0.037
1.463,0.037
1.463,0.037
1.463,0.037
1.463,0.037
1.463,0.037
1.580,0.029
1.559,0.030
1.431,0.041
1.572,0.026
1.572,0.026
1.578,0.026
1.578,0.026
1.578,0.026
1.578,0.026
1.578,0.026
1.578,0.026
1.578,0.026
1.578,0.026
1.578,0.026
1.578,0.026
1.550,0.030
1.550,0.030
1.550,0.030
1.550,0.030
1.550,0.030
1.550,0.030
1.550,0.030
1.409,0.043
1.409,0.043
1.409,0.043
1.409,0.043
1.409,0.043
1.503,0.036
1.503,0.036
1.503,0.036
1.503,0.036
1.564,0.028
1.445,0.042
1.440,0.040
1.440,0.040
1.440,0.040
1.442,0.035
1.442,0.035
1.442,0.035
1.442,0.035
1.442,0.035
1.442,0.035
1.442,0.035
1.583,0.026
1.583,0.026
1.583,0.026
1.583,0.026
1.583,0.026
1.583,0.026
1.583,0.026
1.583,0.026
1.583,0.026
1.583,0.026
1.583,0.026
1.583,0.026
1.583,0.026
1.583,0.026
1.583,0.026
1.583,0.026
1.583,0.026
1.459,0.039
1.512,0.035
1.512,0.035
1.512,0.035
1.499,0.034
1.494,0.034
1.494,0.034
1.436,0.045
1.436,0.045
1.436,0.045
1.441,0.036
1.441,0.036
1.441,0.036
1.441,0.036
1.441,0.036
1.441,0.036
1.448,0.035
1.448,0.035
1.547,0.032
1.547,0.032
1.547,0.032
1.547,0.032
1.532,0.036
1.532,0.036
1.584,0.027
1.584,0.027
1.584,0.027
1.584,0.027
1.584,0.027
1.492,0.034
1.492,0.034
1.492,0.034
1.553,0.028
1.587,0.028
1.587,0.028
1.587,0.028
1.587,0.028
1.587,0.028
1.587,0.028
1.587,0.028
1.587,0.028
1.587,0.028
1.587,0.028
1.587,0.028
1.426,0.040
1.540,0.035
1.540,0.035
1.522,0.036
1.566,0.031
1.602,0.029
1.580,0.028
1.580,0.028
1.570,0.027
1.570,0.027
1.570,0.027
1.474,0.034
1.474,0.034
1.474,0.034
1.470,0.037
1.470,0.037
1.470,0.037
1.470,0.037
1.470,0.037
1.470,0.037
1.487,0.037
1.487,0.037
1.487,0.037
1.546,0.027
1.524,0.029
1.524,0.029
1.524,0.029
1.524,0.029
1.524,0.029
1.524,0.029
1.509,0.032
1.522,0.029
1.515,0.030
1.515,0.030
1.515,0.030
1.515,0.030
1.515,0.030
1.515,0.030
1.515,0.030
1.515,0.030
1.515,0.030
1.515,0.030
1.515,0.030
1.481,0.033
1.538,0.033
1.536,0.033
1.536,0.033
1.536,0.033
1.415,0.044
1.415,0.044
1.506,0.035
1.506,0.035
1.506,0.035
1.562,0.033
1.549,0.031
1.516,0.033
1.516,0.033
1.516,0.033
1.567,0.032
1.616,0.024
1.616,0.024
1.616,0.024
1.616,0.024
1.616,0.024
1.616,0.024
1.616,0.024
1.522,0.029
1.522,0.029
1.519,0.031
1.519,0.031
1.453,0.036
1.462,0.042
1.462,0.042
1.462,0.042
1.462,0.042
1.462,0.042
1.462,0.042
1.462,0.042
1.462,0.042
1.462,0.042
1.462,0.042
1.462,0.042
1.562,0.029
1.562,0.029
1.562,0.029
1.562,0.029
1.436,0.040
1.436,0.040
1.436,0.040
1.436,0.040
1.436,0.040
1.436,0.040
1.511,0.034
1.511,0.034
1.541,0.031
1.541,0.031
1.541,0.031
1.581,0.027
1.581,0.027
1.581,0.027
1.581,0.027
1.552,0.030
1.552,0.030
1.552,0.030
1.552,0.030
1.532,0.031
1.532,0.031
1.532,0.031
1.532,0.031
1.532,0.031
1.532,0.031
1.532,0.031
1.412,0.041
1.412,0.041
1.412,0.041
1.412,0.041
1.516,0.032
1.516,0.032
1.518,0.036
1.538,0.032
1.538,0.032
1.538,0.032
1.538,0.032
1.538,0.032
1.538,0.032
1.538,0.032
1.538,0.032
1.538,0.032
1.580,0.026
1.580,0.026
1.580,0.026
1.580,0.026
1.580,0.026
1.580,0.026
1.580,0.026
1.580,0.026
1.604,0.025
1.447,0.040
1.447,0.040
1.447,0.040
1.437,0.045
1.437,0.045
1.437,0.045
1.437,0.045
1.437,0.045
1.437,0.045
1.415,0.041
1.415,0.041
1.415,0.041
1.415,0.041
1.415,0.041
1.415,0.041
1.415,0.041
1.415,0.041
1.415,0.041
1.415,0.041
1.525,0.033
1.525,0.033
1.525,0.033
1.476,0.040
1.476,0.040
1.476,0.040
1.476,0.040
1.476,0.040
1.506,0.036
1.509,0.032
1.509,0.032
1.481,0.035
1.539,0.036
1.539,0.036
1.539,0.036
1.543,0.030
1.543,0.030
1.543,0.030
1.543,0.030
1.436,0.039
1.436,0.039
1.436,0.039
1.436,0.039
1.436,0.039
1.509,0.036
1.509,0.036
1.551,0.030
1.551,0.030
1.551,0.030
1.493,0.034
1.493,0.034
1.493,0.034
1.493,0.034
1.493,0.034
1.493,0.034
1.493,0.034
1.493,0.034
1.493,0.034
1.493,0.034
1.493,0.034
1.599,0.030
1.599,0.030
1.599,0.030
1.599,0.030
1.599,0.030
1.599,0.030
1.599,0.030
1.599,0.030
1.528,0.032
1.528,0.032
1.521,0.033
1.521,0.033
1.521,0.033
1.570,0.028
1.570,0.028
1.570,0.028
1.500,0.036
1.500,0.036
1.500,0.036
1.500,0.036
1.500,0.036
1.585,0.028
1.545,0.033
1.453,0.038
1.453,0.038
1.453,0.038
1.453,0.038
1.453,0.038
1.453,0.038
1.551,0.030
1.534,0.033
1.519,0.035
1.519,0.035
1.519,0.035
1.537,0.032
1.537,0.032
1.537,0.032
1.537,0.032
1.537,0.032
1.537,0.032
1.537,0.032
1.537,0.032
1.537,0.032
1.537,0.032
1.537,0.032
1.537,0.032
1.537,0.032
1.537,0.032
1.537,0.032
1.537,0.032
1.537,0.032
1.537,0.032
1.513,0.030
1.513,0.030
1.513,0.030
1.565,0.027
1.565,0.027
1.565,0.027
1.565,0.027
1.565,0.027
1.435,0.043
1.533,0.033
1.533,0.033
1.557,0.029
1.557,0.029
1.557,0.029
1.557,0.029
1.473,0.032
1.473,0.032
1.482,0.040
1.482,0.040
1.482,0.040
1.482,0.040
1.482,0.040
1.482,0.040
1.534,0.028
1.534,0.028
1.534,0.028
1.534,0.028
1.534,0.028
1.534,0.028
1.534,0.028
1.534,0.028
1.534,0.028
1.509,0.034
1.509,0.034
1.509,0.034
1.509,0.034
1.509,0.034
1.509,0.034
1.509,0.034
1.509,0.034
1.509,0.034
1.509,0.034
1.509,0.034
1.509,0.034
1.509,0.034
1.509,0.034
1.509,0.034
1.509,0.034
1.509,0.034
1.509,0.034
1.451,0.040
1.451,0.040
1.451,0.040
1.451,0.040
1.451,0.040
1.451,0.040
1.451,0.040
1.451,0.040
1.451,0.040
1.568,0.029
1.568,0.029
1.568,0.029
1.568,0.029
1.568,0.029
1.568,0.029
1.568,0.029
1.568,0.029
1.568,0.029
1.457,0.038
1.457,0.038
1.457,0.038
1.457,0.038
1.584,0.027
1.532,0.030
1.532,0.030
1.532,0.030
1.532,0.030
1.532,0.030
1.532,0.030
1.532,0.030
1.532,0.030
1.532,0.030
1.532,0.030
1.532,0.030
1.532,0.030
1.530,0.031
1.510,0.032
1.510,0.032
1.616,0.024
1.483,0.041
1.483,0.041
1.483,0.041
1.483,0.041
1.483,0.041
1.502,0.035
1.441,0.042
1.441,0.042
1.441,0.042
1.609,0.027
1.609,0.027
1.609,0.027
1.609,0.027
1.609,0.027
1.609,0.027
1.609,0.027
1.598,0.025
1.598,0.025
1.598,0.025
1.516,0.033
1.589,0.028
1.569,0.028
1.569,0.028
1.569,0.028
1.591,0.031
1.591,0.031
1.591,0.031
1.591,0.031
1.495,0.032
1.495,0.032
1.495,0.032
1.495,0.032
1.495,0.032
1.495,0.032
1.495,0.032
1.495,0.032
1.559,0.030
1.559,0.030
1.559,0.030
1.559,0.030
1.559,0.030
1.588,0.028
1.588,0.028
1.588,0.028
1.482,0.038
1.482,0.038
1.482,0.038
1.442,0.042
1.442,0.042
1.442,0.042
1.442,0.042
1.442,0.042
1.442,0.042
1.442,0.042
1.493,0.037
1.493,0.037
1.493,0.037
1.493,0.037
1.493,0.037
1.479,0.033
1.479,0.033
1.479,0.033
1.479,0.033
1.479,0.033
1.479,0.033
1.479,0.033
1.479,0.033
1.507,0.036
1.507,0.036
1.507,0.036
1.507,0.036
1.507,0.036
1.409,0.042
1.409,0.042
1.570,0.029
1.599,0.028
1.599,0.028
1.599,0.028
1.599,0.028
1.596,0.026
1.596,0.026
1.596,0.026
1.596,0.026
1.596,0.026
1.596,0.026
1.596,0.026
1.596,0.026
1.596,0.026
1.596,0.026
1.596,0.026
1.596,0.026
1.596,0.026
1.596,0.026
1.451,0.037
1.451,0.037
1.451,0.037
1.451,0.037
1.451,0.037
1.561,0.029
1.561,0.029
1.622,0.023
1.622,0.023
1.622,0.023
1.622,0.023
1.622,0.023
1.622,0.023
1.622,0.023
1.556,0.028
1.556,0.028
1.556,0.028
1.556,0.028
1.444,0.041
1.444,0.041
1.444,0.041
1.444,0.041
1.438,0.039
1.483,0.041
1.507,0.029
1.507,0.029
1.507,0.029
1.557,0.028
1.557,0.028
1.464,0.034
1.458,0.036
1.542,0.032
1.542,0.032
1.542,0.032
1.538,0.036
1.538,0.036
1.538,0.036
1.538,0.036
1.538,0.036
1.538,0.036
1.538,0.036
1.550,0.028
1.550,0.028
1.550,0.028
1.481,0.038
1.481,0.038
1.481,0.033
1.481,0.033
1.481,0.033
1.437,0.039
1.564,0.029
1.430,0.041
1.497,0.037
1.557,0.028
1.557,0.028
1.572,0.028
1.470,0.034
1.470,0.034
1.470,0.034
1.522,0.032
1.502,0.037
1.502,0.037
1.502,0.037
1.502,0.037
1.502,0.037
1.502,0.037
1.551,0.030
1.551,0.030
1.551,0.030
1.551,0.030
1.551,0.030
1.540,0.032
1.540,0.032
1.540,0.032
1.540,0.032
1.540,0.032
1.456,0.038
1.468,0.039
1.468,0.039
1.468,0.039
1.468,0.039
1.468,0.039
1.468,0.039
1.468,0.039
1.468,0.039
1.468,0.039
1.468,0.039
1.468,0.039
1.468,0.039
1.468,0.039
1.468,0.039
1.468,0.039
1.468,0.039
1.535,0.034
1.563,0.029
1.544,0.032
1.544,0.032
1.544,0.032
1.544,0.032
1.544,0.032
1.501,0.035
1.501,0.035
1.501,0.035
1.513,0.033
1.513,0.033
1.513,0.033
1.513,0.033
1.513,0.033
1.480,0.034
1.478,0.032
1.469,0.034
1.469,0.034
1.469,0.034
1.469,0.034
1.469,0.034
1.469,0.034
1.469,0.034
1.538,0.032
1.538,0.032
1.587,0.029
1.587,0.029
1.587,0.029
1.587,0.029
1.587,0.029
1.587,0.029
1.587,0.029
1.587,0.029
1.587,0.029
1.587,0.029
1.587,0.029
1.587,0.029
1.587,0.029
1.587,0.029
1.417,0.039
1.468,0.042
1.468,0.042
1.468,0.042
1.468,0.042
1.468,0.042
1.468,0.042
1.536,0.027
1.536,0.027
1.520,0.032
1.539,0.032
1.539,0.032
1.539,0.032
1.539,0.032
1.539,0.032
1.525,0.035
1.525,0.035
1.531,0.034
1.531,0.034
1.488,0.034
1.538,0.035
1.469,0.039
1.469,0.039
1.469,0.039
1.469,0.039
1.469,0.039
1.469,0.039
1.469,0.039
1.469,0.039
1.557,0.028
1.500,0.031
1.500,0.031
1.520,0.032
1.492,0.038
1.492,0.038
1.492,0.038
1.545,0.031
1.491,0.033
1.491,0.033
1.491,0.033
1.494,0.036
1.494,0.036
1.495,0.035
1.472,0.034
1.472,0.034
1.451,0.037
1.451,0.037
1.451,0.037
1.451,0.037
1.515,0.031
1.515,0.031
1.515,0.031
1.515,0.031
1.515,0.031
1.515,0.031
1.515,0.031
1.515,0.031
1.515,0.031
1.520,0.030
1.520,0.030
1.520,0.030
1.520,0.030
1.520,0.030
1.537,0.027
1.537,0.027
1.537,0.027
1.537,0.027
1.514,0.031
1.502,0.033
1.430,0.043
1.480,0.040
1.480,0.040
1.533,0.029
1.533,0.029
1.533,0.029
1.533,0.029
1.533,0.029
1.474,0.035
1.474,0.035
1.474,0.035
1.474,0.035
1.474,0.035
1.474,0.035
1.474,0.035
1.474,0.035
1.410,0.043
1.410,0.043
1.410,0.043
1.410,0.043
1.569,0.030
1.548,0.030
1.548,0.030
1.548,0.030
1.548,0.030
1.548,0.030
1.481,0.039
1.481,0.039
1.488,0.033
1.549,0.030
1.549,0.030
1.549,0.030
1.549,0.030
1.534,0.033
1.534,0.033
1.534,0.033
1.534,0.033
1.534,0.033
1.534,0.033
1.534,0.033
1.534,0.033
1.534,0.033
1.505,0.034
1.505,0.034
1.450,0.040
1.450,0.040
1.450,0.040
1.450,0.040
1.450,0.040
1.493,0.036
1.493,0.036
1.452,0.036
1.452,0.036
1.452,0.036
1.452,0.036
1.452,0.036
1.452,0.036
1.452,0.036
1.452,0.036
1.452,0.036
1.553,0.029
1.553,0.029
1.553,0.029
1.553,0.029
1.553,0.029
1.553,0.029
1.553,0.029
1.526,0.031
1.576,0.028
1.527,0.032
1.393,0.049
1.393,0.049
1.400,0.047
1.424,0.040
1.424,0.040
1.485,0.041
1.397,0.044
1.397,0.044
1.397,0.044
1.456,0.037
1.456,0.037
1.456,0.037
1.601,0.026
1.601,0.026
1.601,0.026
1.601,0.026
1.601,0.026
1.601,0.026
1.601,0.026
1.601,0.026
1.432,0.044
1.432,0.044
1.432,0.044
1.432,0.044
1.432,0.044
1.456,0.036
1.456,0.036
1.459,0.041
1.459,0.041
1.459,0.041
1.459,0.041
1.459,0.041
1.459,0.041
1.459,0.041
1.459,0.041
1.459,0.041
1.459,0.041
1.547,0.034
1.525,0.029
1.525,0.029
1.525,0.029
1.525,0.029
1.525,0.029
1.525,0.029
1.573,0.031
1.515,0.035
1.568,0.032
1.467,0.034
1.467,0.034
1.467,0.034
1.467,0.034
1.467,0.034
1.467,0.034
1.467,0.034
1.467,0.034
1.467,0.034
1.467,0.034
1.546,0.029
1.555,0.029
1.430,0.041
1.600,0.026
1.600,0.026
1.571,0.026
1.633,0.024
1.633,0.024
1.633,0.024
1.633,0.024
1.633,0.024
1.535,0.033
1.545,0.029
1.545,0.029
1.545,0.029
1.545,0.029
1.545,0.029
1.545,0.029
1.545,0.029
1.545,0.029
1.428,0.043
1.428,0.043
1.428,0.043
1.428,0.043
1.428,0.043
1.428,0.043
1.428,0.043
1.428,0.043
1.428,0.043
1.538,0.033
1.538,0.033
1.508,0.036
1.497,0.032
1.478,0.035
1.478,0.035
1.478,0.035
1.430,0.039
1.429,0.043
1.429,0.043
1.513,0.032
1.513,0.032
1.599,0.026
1.487,0.036
1.487,0.036
1.487,0.036
1.487,0.036
1.600,0.026
1.600,0.026
1.570,0.026
1.570,0.026
1.570,0.026
1.497,0.040
1.532,0.033
1.497,0.037
1.497,0.037
1.497,0.037
1.497,0.037
1.497,0.037
1.448,0.040
1.475,0.034
1.485,0.036
1.574,0.026
1.574,0.026
1.574,0.026
1.574,0.026
1.574,0.026
1.574,0.026
1.408,0.044
1.408,0.044
1.428,0.042
1.428,0.042
1.585,0.027
1.516,0.027
1.516,0.027
1.474,0.038
1.474,0.038
1.474,0.038
1.474,0.038
1.474,0.038
1.417,0.041
1.417,0.041
1.417,0.041
1.417,0.041
1.564,0.032
1.564,0.032
1.564,0.032
1.564,0.032
1.564,0.032
1.564,0.032
1.574,0.031
1.574,0.031
1.574,0.031
1.584,0.024
1.584,0.024
1.405,0.044
1.405,0.044
1.405,0.044
1.405,0.044
1.396,0.043
1.501,0.040
1.411,0.040
1.411,0.040
1.520,0.028
1.520,0.028
1.520,0.028
1.520,0.028
1.520,0.028
1.551,0.033
1.551,0.033
1.392,0.043
1.392,0.043
1.392,0.043
1.392,0.043
1.526,0.030
1.526,0.030
1.526,0.030
1.526,0.030
1.526,0.030
1.411,0.047
1.411,0.047
1.411,0.047
1.523,0.029
1.523,0.029
1.540,0.033
1.540,0.033
1.540,0.033
1.604,0.026
1.604,0.026
1.604,0.026
1.502,0.042
1.502,0.042
1.502,0.042
1.507,0.037
1.507,0.037
1.552,0.029
1.552,0.029
1.552,0.029
1.487,0.042
1.487,0.042
1.487,0.042
1.487,0.042
1.487,0.042
1.487,0.042
1.511,0.036
1.486,0.034
1.486,0.034
1.483,0.041
1.483,0.041
1.483,0.041
1.483,0.041
1.589,0.024
1.589,0.024
1.589,0.024
1.589,0.024
1.589,0.024
1.589,0.024
1.589,0.024
1.498,0.029
1.498,0.029
1.498,0.029
1.498,0.029
1.439,0.039
1.559,0.029
1.559,0.029
1.559,0.029
1.527,0.030
1.527,0.030
1.471,0.031
1.471,0.031
1.471,0.031
1.471,0.031
1.471,0.031
1.471,0.031
1.471,0.031
1.471,0.031
1.550,0.029
1.550,0.029
1.550,0.029
1.650,0.039
1.644,0.040
1.644,0.040
1.569,0.046
1.569,0.046
1.569,0.046
1.569,0.046
1.646,0.040
1.648,0.039
1.648,0.039
1.648,0.039
1.648,0.039
1.648,0.039
1.648,0.039
1.648,0.039
1.592,0.045
1.592,0.045
1.592,0.045
1.591,0.045
1.591,0.045
1.591,0.045
1.591,0.045
1.591,0.045
1.591,0.045
1.593,0.045
1.580,0.045
1.580,0.045
1.580,0.045
1.659,0.037
1.659,0.037
1.659,0.037
1.659,0.037
1.659,0.037
1.659,0.037
1.659,0.037
1.659,0.037
1.659,0.037
1.659,0.037
1.659,0.037
1.662,0.037
1.662,0.037
1.662,0.037
1.662,0.037
1.662,0.037
1.662,0.037
1.662,0.037
1.591,0.046
1.591,0.046
1.591,0.046
1.663,0.037
1.663,0.037
1.663,0.037
1.624,0.041
1.624,0.041
1.681,0.034
1.624,0.040
1.624,0.040
1.624,0.040
1.624,0.040
1.624,0.040
1.624,0.040
1.624,0.040
1.624,0.040
1.624,0.040
1.624,0.040
1.624,0.040
1.624,0.040
1.624,0.040
1.624,0.040
1.624,0.040
1.624,0.040
1.624,0.040
1.624,0.040
1.624,0.040
1.613,0.045
1.613,0.045
1.619,0.042
1.618,0.042
1.618,0.042
1.618,0.042
1.684,0.033
1.684,0.033
1.684,0.033
1.684,0.033
1.651,0.039
1.684,0.034
1.684,0.034
1.684,0.034
1.684,0.034
1.671,0.036
1.671,0.036
1.671,0.036
1.671,0.036
1.671,0.036
1.592,0.042
1.592,0.042
1.682,0.035
1.682,0.035
1.572,0.046
1.572,0.046
1.572,0.046
1.572,0.046
1.561,0.046
1.561,0.046
1.561,0.046
1.623,0.040
1.623,0.040
1.623,0.040
1.623,0.040
1.623,0.040
1.623,0.040
1.623,0.040
1.623,0.040
1.591,0.047
1.591,0.047
1.591,0.047
1.591,0.047
1.696,0.035
1.582,0.043
1.582,0.043
1.582,0.043
1.582,0.043
1.582,0.043
1.611,0.045
1.611,0.045
1.611,0.045
1.611,0.045
1.611,0.045
1.611,0.045
1.611,0.045
1.611,0.045
1.611,0.045
1.572,0.048
1.616,0.039
1.616,0.039
1.616,0.039
1.616,0.039
1.616,0.039
1.616,0.039
1.616,0.039
1.616,0.039
1.617,0.041
1.617,0.041
1.617,0.041
1.617,0.041
1.565,0.047
1.590,0.045
1.590,0.045
1.590,0.045
1.692,0.031
1.692,0.031
1.692,0.031
1.692,0.031
1.692,0.031
1.625,0.039
1.615,0.041
1.615,0.041
1.615,0.041
1.615,0.041
1.615,0.041
1.615,0.041
1.615,0.041
1.615,0.041
1.568,0.047
1.668,0.035
1.690,0.031
1.690,0.031
1.690,0.031
1.690,0.031
1.604,0.046
1.604,0.046
1.604,0.046
1.604,0.046
1.595,0.044
1.595,0.044
1.607,0.046
1.601,0.045
1.601,0.045
1.601,0.045
1.601,0.045
1.601,0.045
1.600,0.045
1.630,0.037
1.618,0.044
1.618,0.044
1.618,0.044
1.618,0.044
1.625,0.039
1.567,0.048
1.567,0.048
1.567,0.048
1.567,0.048
1.567,0.048
1.567,0.048
1.591,0.044
1.577,0.046
1.577,0.046
1.633,0.041
1.633,0.041
1.633,0.041
1.633,0.041
1.633,0.041
1.661,0.036
1.614,0.044
1.614,0.044
1.599,0.044
1.599,0.044
1.599,0.044
1.599,0.044
1.599,0.044
1.609,0.043
1.649,0.037
1.657,0.034
1.616,0.042
1.576,0.045
1.581,0.043
1.581,0.043
1.581,0.043
1.581,0.043
1.581,0.043
1.628,0.039
1.656,0.040
1.656,0.040
1.623,0.044
1.623,0.044
1.623,0.044
1.677,0.034
1.652,0.040
1.546,0.049
1.568,0.048
1.568,0.048
1.568,0.048
1.568,0.048
1.568,0.048
1.568,0.048
1.531,0.053
1.622,0.040
1.577,0.044
1.577,0.044
1.577,0.044
1.515,0.057
1.560,0.047
1.560,0.047
1.661,0.037
1.643,0.037
1.643,0.037
1.643,0.037
1.643,0.037
1.610,0.046
1.610,0.046
1.610,0.046
1.610,0.046
1.632,0.039
1.632,0.039
1.632,0.039
1.632,0.039
1.632,0.039
1.632,0.039
1.632,0.039
1.632,0.039
1.637,0.037
1.637,0.037
1.631,0.041
1.631,0.041
1.631,0.041
1.631,0.041
1.610,0.046
1.703,0.032
1.703,0.032
1.632,0.041
1.632,0.041
1.632,0.041
1.632,0.041
1.632,0.041
1.609,0.046
1.628,0.036
1.628,0.036
1.640,0.035
1.640,0.035
1.640,0.035
1.604,0.044
1.604,0.044
1.604,0.044
1.712,0.035
1.712,0.035
1.633,0.040
1.633,0.040
1.633,0.040
1.633,0.040
1.633,0.040
1.633,0.040
1.696,0.038
1.696,0.038
1.703,0.035
1.512,0.053
1.575,0.047
1.575,0.047
1.575,0.047
1.605,0.045
1.638,0.036
1.638,0.036
1.638,0.036
1.603,0.046
1.650,0.034
1.650,0.034
1.650,0.034
1.650,0.034
1.650,0.034
1.762,0.027
1.571,0.047
1.571,0.047
1.726,0.034
1.726,0.034
1.726,0.034
1.726,0.034
1.607,0.042
1.607,0.042
1.602,0.043
1.634,0.044
1.634,0.044
